500 nombres  full
 valgrind --leak-check= --track-origins=yes ./push_swap -92594 200824 196881 208815 -48861 144404 196548 -38644 212135 13905 10444 -12789 -77945 32666 233772 232234 -10264 68514 110288 -222813 79917 -121805 38299 162581 -98788 -122307 155970 -65549 -129633 93007 -110953 -139360 -36591 -18333 2015 -228146 45338 -219054 -27496 -9482 32887 182360 -112924 217218 -155886 121110 -91109 -87624 121556 57400 165786 78073 -94317 179399 164091 -158262 148957 179140 113044 -129299 -178115 19463 80737 145679 -169344 53417 205580 -130050 -23857 205943 100712 167738 -38010 -40358 124367 35841 -65302 20498 55207 64680 -143458 -201452 -173670 120854 74755 -1906 12104 -154712 48802 961 95882 49362 -72588 36277 164715 -112793 -164579 165859 -225548 227729 77464 92087 -185632 58847 -157604 51815 -169467 -82537 -108563 -222822 130364 -66683 172974 67065 -87555 -140950 145780 -212676 -120568 -114902 115185 -170101 -52398 -225315 -155490 4090 -41441 215452 210411 171627 89603 -160961 -124428 -178230 -116512 66880 -41229 197112 28166 71388 175920 -209938 3723 150579 -201013 -142133 2980 100440 49997 -173015 114359 117010 78503 125977 -100174 -74882 126057 190567 -103333 -132972 -174335 -161107 206446 20298 -83612 -119020 163304 47128 -195251 144139 25912 -134198 215603 201457 -160994 -179852 -70415 -200743 -227489 -152332 224962 -121740 3179 227772 207459 -159255 -219305 -221782 180310 -225107 -142494 -173304 -121870 -5185 48148 -7932 -218081 -30526 88698 128916 9558 90525 -25516 223559 150581 113195 -147449 220820 109460 232899 -220319 -42497 -11401 190570 -196284 -184007 -36852 -164262 -180052 24814 154792 -72234 222916 30672 41469 105151 -121425 156094 153222 140944 -144133 -196106 -188261 -154872 218917 56132 78366 -173966 25424 122686 -150603 62876 141894 -5356 -5644 -138806 -15717 220167 -140155 77875 -134940 172917 -177814 -58932 -45003 181063 -156099 -103115 -102925 32429 -9443 -11884 -194856 -179926 -118511 -198831 163102 -70988 69062 -192548 -181554 64913 -154317 -64521 119934 71025 207803 -174050 150263 -13364 -106557 220794 188415 -140321 169929 -233403 -231076 -77869 79694 148737 84890 -206749 1280 -106794 211926 135523 8054 -138771 72270 -208272 -120985 159205 134948 200562 -154101 2163 23925 -224726 -84785 -117598 13356 -46595 227185 -162568 89813 -160956 25758 -207655 -169955 -63732 -27588 -79853 -230241 -54817 211300 -145473 127287 -100746 -213746 154895 -162341 -127156 150582 -178939 -103603 150350 120576 215816 -206548 105080 -82531 -90018 31721 219388 35097 -1387 -180734 9111 -96985 -59051 -38351 190670 -2172 -125145 182318 127809 -61550 198443 -20140 -114163 81866 -216258 189847 -218997 221025 -27173 -108991 208891 -20984 -44305 -185739 160689 49919 35803 -46771 37075 -28108 39430 -92149 77898 -136336 231731 29779 17504 102516 33902 -140742 -226683 -155215 -107256 -157453 -173371 10098 -69566 -34062 -83719 -136023 -2531 -31022 -219990 -48043 -202688 -55022 207324 -100502 -228032 -35749 200541 -172402 176193 -112494 -133174 223502 197841 10527 -167001 116019 -208118 189197 -160546 52207 -26121 43566 -14129 -40277 81914 -84024 126049 129291 90775 -83379 -160307 -123444 47646 29897 1453 -192807 -106390 27107 154788 186284 121906 -188321 -53807 12332 153920 11828 -134650 -21047 -218882 -84643 -230904 -197986 71659 183190 49450 76437 115817 -157811 96217 -63245 226700 -77129 -99605 -136556 -79831 25916 -24065 118761 -117479 78322 124009 -112701 -93841 -68682 -127013 99616 -159882 -214528 -231306 86254 131529 -83610 131140 -193233 -44125 -72925 -43583 -47059 -170695 -145462 146504 148373 -194107 -10533 -6042 41734 -6945 31250 91385  
 20 nombres : 
 valgrind --leak-check=full --track-origins=yes ./push_swap  -39 85 -37 -34 -5 93 -90 -9 -47 -21 -11 -52 30 -89 70 39 -73 13 -94 -23  
 100 nombres:  
 valgrind --leak-check=full --track-origins=yes ./push_swap  81 -67 -10 44 -49 -19 -93 -63 -34 -20 100 -42 -37 25 -55 45 32 -7 -95 -99 42 -64 -12 -33 -61 -78 -86 -85 -30 -76 -51 39 -60 9 70 -22 3 52 77 0 69 -98 -17 -65 67 -90 -47 96 68 76 23 -39 2 -14 -71 21 56 -100 -29 46 37 90 -18 -16 -5 84 13 -88 83 -79 -75 -82 -56 -94 62 -4 -50 22 19 28 87 -8 98 -92 -15 -96 20 1 -21 -11 80 -83 63 85 15 14 -13 34 64 -38

 valgrind --leak-check=full --show-leak-kinds=all --track-origins=yes ./push_swap -4020 -2189 -1262 332 1757 -4176 -3805 -3483 1161 4183 -3146 3665 4100 4566 -3179 3352 -217 647 -4797 691 2978 2636 -4108 -3508 -749 3653 2368 -4562 -2194 412 -3369 2798 -4232 4674 1424 4327 3423 -2986 1676 -416 -3828 4461 1916 2170 4763 -2461 -333 -3306 4015 -2141 4833 -2387 2125 2461 -942 -1276 -2287 2485 4075 -3021 -3547 -725 653 -3776 2671 -965 -4862 -3373 4834 3285 -1770 3217 3611 4818 3112 -1386 2650 3126 -4596 230 -4855 2625 -2455 2641 3900 4008 4403 -967 -1640 -408 -1264 -3568 -1035 1636 -340 -2678 2924 -33 -491 2907

ARG="33 -117 -81 -292 257 -254 -284 -263 29 72 -108 59 -120 -104 163 -223 156 -74 -289 -34 -51 97 265 236 55 -1 -217 260 -233 -59 90 -173 204 7 185 2 10 -94 261 -29 -152 -268 27 224 -114 -294 -234 -90 63 -83 62 232 283 22 -258 -72 -61 43 -122 212 -128 -242 -157 -24 180 -147 -283 -276 18 -49 149 37 -79 162 56 50 -42 -206 176 -127 -10 186 -142 -116 -3 183 110 -218 -68 253 -221 111 -201 -229 -9 -204 -169 -148 202 66 " ;./push_swap $ARG | ./checker_linux $ARG

valgrind --leak-check=full --track-origins=yes ./push_swap " 9 8 3" 90 76 32 "999   " "345 -987 -2"

ARG=" 1 9 45 65 " ;./push_swap $ARG | ./checker_linux $ARG
